{
 "cells": [
  {
   "cell_type": "code",
   "execution_count": 1,
   "metadata": {},
   "outputs": [],
   "source": [
    "import os\n",
    "import umps\n"
   ]
  },
  {
   "cell_type": "code",
   "execution_count": null,
   "metadata": {},
   "outputs": [],
   "source": [
    "import torchvision\n",
    "import torchvision.transforms as transforms\n",
    "import torch\n",
    "import torch.utils.data\n",
    "\n",
    "def embedding_pixel(batch, label: int = 0):\n",
    "    pixel_size = batch.shape[-1] * batch.shape[-2]\n",
    "    x = batch.view(*batch.shape[:-2], pixel_size)\n",
    "    # x[:] = 0\n",
    "    x = torch.stack([x, 1-x], dim=-1)\n",
    "    # x = x / torch.sum(x, dim=-1).unsqueeze(-1)\n",
    "    x = x / torch.norm(x, dim=-1).unsqueeze(-1)\n",
    "    return x\n",
    "\n",
    "def embedding_label(labels: torch.Tensor):\n",
    "    emb = torch.zeros(labels.shape[0], 2)\n",
    "    emb[torch.arange(labels.shape[0]), labels] = 1\n",
    "    return emb\n",
    "\n",
    "def filiter_single_channel(batch):\n",
    "    return batch[0, ...]\n",
    "\n",
    "def filter_dataset(dataset, allowed_digits=[0, 1]):\n",
    "    indices = []\n",
    "    for i in range(len(dataset)):\n",
    "        _, label = dataset[i]\n",
    "        if label in allowed_digits:\n",
    "            indices.append(i)\n",
    "    return torch.utils.data.Subset(dataset, indices)\n",
    "\n",
    "img_size = 16\n",
    "transform = transforms.Compose([\n",
    "    transforms.Resize(img_size),\n",
    "    transforms.ToTensor(),\n",
    "    transforms.Lambda(filiter_single_channel),\n",
    "    transforms.Lambda(embedding_pixel),\n",
    "])\n",
    "\n",
    "trainset = torchvision.datasets.QMNIST(\n",
    "    root=\"data\",\n",
    "    train=True,\n",
    "    download=False,\n",
    "    transform=transform\n",
    ")\n",
    "\n",
    "# trainset = filter_dataset(trainset, allowed_digits=[0, 1])\n",
    "\n",
    "# trainloader = torch.utils.data.DataLoader(\n",
    "#     trainset,\n",
    "#     batch_size=128,\n",
    "#     shuffle=True,\n",
    "# )"
   ]
  },
  {
   "cell_type": "code",
   "execution_count": 3,
   "metadata": {},
   "outputs": [
    {
     "name": "stdout",
     "output_type": "stream",
     "text": [
      "Path is not set, setting...\n",
      "Found the path\n",
      "Initialized MPS unitaries\n"
     ]
    }
   ],
   "source": [
    "import unitary_optimizer\n",
    "umpsm = umps.uMPS(N = 16 * 16, chi = 2, d = 2, l = 2, layers = 1, device = \"cpu\")"
   ]
  },
  {
   "cell_type": "code",
   "execution_count": 4,
   "metadata": {},
   "outputs": [],
   "source": [
    "def loss_batch(outputs, labels):\n",
    "    device = outputs.device\n",
    "    loss = torch.zeros(1, device=device, dtype=torch.float64)\n",
    "\n",
    "    for i in range(len(outputs)):\n",
    "        prob = outputs[i] if labels[i] == 0 else 1 - outputs[i]\n",
    "        loss -= torch.log(prob + 1e-8)\n",
    "    return loss\n",
    "\n",
    "def calculate_accuracy(outputs, labels):\n",
    "    predictions = (outputs < 0.5).float()\n",
    "    correct = (predictions == labels).float().sum()\n",
    "    accuracy = correct / labels.numel()\n",
    "    return accuracy.item()"
   ]
  },
  {
   "cell_type": "code",
   "execution_count": 26,
   "metadata": {},
   "outputs": [
    {
     "ename": "AttributeError",
     "evalue": "'NoneType' object has no attribute 'reshape'",
     "output_type": "error",
     "traceback": [
      "\u001b[0;31m---------------------------------------------------------------------------\u001b[0m",
      "\u001b[0;31mAttributeError\u001b[0m                            Traceback (most recent call last)",
      "Cell \u001b[0;32mIn[26], line 1\u001b[0m\n\u001b[0;32m----> 1\u001b[0m u \u001b[38;5;241m=\u001b[39m \u001b[43mumpsm\u001b[49m\u001b[38;5;241;43m.\u001b[39;49m\u001b[43mparams\u001b[49m\u001b[43m[\u001b[49m\u001b[38;5;241;43m-\u001b[39;49m\u001b[38;5;241;43m1\u001b[39;49m\u001b[43m]\u001b[49m\u001b[38;5;241;43m.\u001b[39;49m\u001b[43mgrad\u001b[49m\u001b[38;5;241;43m.\u001b[39;49m\u001b[43mreshape\u001b[49m(\u001b[38;5;241m4\u001b[39m, \u001b[38;5;241m4\u001b[39m)\n\u001b[1;32m      2\u001b[0m u \u001b[38;5;241m@\u001b[39m u\u001b[38;5;241m.\u001b[39mT\n",
      "\u001b[0;31mAttributeError\u001b[0m: 'NoneType' object has no attribute 'reshape'"
     ]
    }
   ],
   "source": [
    "u = umpsm.params[-1].grad.reshape(4, 4)\n",
    "u @ u.T"
   ]
  },
  {
   "cell_type": "code",
   "execution_count": 28,
   "metadata": {},
   "outputs": [
    {
     "ename": "KeyboardInterrupt",
     "evalue": "",
     "output_type": "error",
     "traceback": [
      "\u001b[0;31m---------------------------------------------------------------------------\u001b[0m",
      "\u001b[0;31mKeyboardInterrupt\u001b[0m                         Traceback (most recent call last)",
      "Cell \u001b[0;32mIn[28], line 11\u001b[0m\n\u001b[1;32m      9\u001b[0m loss \u001b[38;5;241m=\u001b[39m loss_batch(outputs, target)\n\u001b[1;32m     10\u001b[0m loss\u001b[38;5;241m.\u001b[39mbackward()\n\u001b[0;32m---> 11\u001b[0m \u001b[43mumpsm_op\u001b[49m\u001b[38;5;241;43m.\u001b[39;49m\u001b[43mstep\u001b[49m\u001b[43m(\u001b[49m\u001b[43m)\u001b[49m\n\u001b[1;32m     13\u001b[0m \u001b[38;5;66;03m# Calculate accuracy\u001b[39;00m\n\u001b[1;32m     14\u001b[0m accuracy \u001b[38;5;241m=\u001b[39m calculate_accuracy(outputs, target)\n",
      "File \u001b[0;32m~/Documents/presentation/QC_MPS/mps/unitary_optimizer.py:144\u001b[0m, in \u001b[0;36mAdam.step\u001b[0;34m(self)\u001b[0m\n\u001b[1;32m    141\u001b[0m rg \u001b[38;5;241m=\u001b[39m \u001b[38;5;28mself\u001b[39m\u001b[38;5;241m.\u001b[39mlr \u001b[38;5;241m*\u001b[39m mhat \u001b[38;5;241m/\u001b[39m (torch\u001b[38;5;241m.\u001b[39msqrt(vhat) \u001b[38;5;241m+\u001b[39m \u001b[38;5;28mself\u001b[39m\u001b[38;5;241m.\u001b[39mepsilon)\n\u001b[1;32m    143\u001b[0m \u001b[38;5;66;03m# Apply the exponential map to update the unitary\u001b[39;00m\n\u001b[0;32m--> 144\u001b[0m u_updated \u001b[38;5;241m=\u001b[39m \u001b[43mexp_map\u001b[49m\u001b[43m(\u001b[49m\u001b[43mu\u001b[49m\u001b[43m,\u001b[49m\u001b[43m \u001b[49m\u001b[43mrg\u001b[49m\u001b[38;5;241;43m.\u001b[39;49m\u001b[43mview\u001b[49m\u001b[43m(\u001b[49m\u001b[43mchi\u001b[49m\u001b[38;5;241;43m*\u001b[39;49m\u001b[38;5;241;43m*\u001b[39;49m\u001b[38;5;241;43m2\u001b[39;49m\u001b[43m,\u001b[49m\u001b[43m \u001b[49m\u001b[43mchi\u001b[49m\u001b[38;5;241;43m*\u001b[39;49m\u001b[38;5;241;43m*\u001b[39;49m\u001b[38;5;241;43m2\u001b[39;49m\u001b[43m)\u001b[49m\u001b[43m)\u001b[49m\n\u001b[1;32m    146\u001b[0m \u001b[38;5;66;03m# Update the unitary in the circuit\u001b[39;00m\n\u001b[1;32m    147\u001b[0m unitary\u001b[38;5;241m.\u001b[39mcopy_(u_updated\u001b[38;5;241m.\u001b[39mview(unitary\u001b[38;5;241m.\u001b[39mshape))\n",
      "File \u001b[0;32m~/Documents/presentation/QC_MPS/mps/unitary_optimizer.py:16\u001b[0m, in \u001b[0;36mexp_map\u001b[0;34m(u, rg)\u001b[0m\n\u001b[1;32m     12\u001b[0m \u001b[38;5;28;01mdef\u001b[39;00m \u001b[38;5;21mexp_map\u001b[39m(u: torch\u001b[38;5;241m.\u001b[39mTensor, rg: torch\u001b[38;5;241m.\u001b[39mTensor) \u001b[38;5;241m-\u001b[39m\u001b[38;5;241m>\u001b[39m torch\u001b[38;5;241m.\u001b[39mTensor:\n\u001b[1;32m     13\u001b[0m \u001b[38;5;250m    \u001b[39m\u001b[38;5;124;03m\"\"\"\u001b[39;00m\n\u001b[1;32m     14\u001b[0m \u001b[38;5;124;03m    Exponential map on the unitary manifold.\u001b[39;00m\n\u001b[1;32m     15\u001b[0m \u001b[38;5;124;03m    \"\"\"\u001b[39;00m\n\u001b[0;32m---> 16\u001b[0m     res \u001b[38;5;241m=\u001b[39m  \u001b[43mtorch\u001b[49m\u001b[38;5;241;43m.\u001b[39;49m\u001b[43mlinalg\u001b[49m\u001b[38;5;241;43m.\u001b[39;49m\u001b[43mmatrix_exp\u001b[49m\u001b[43m(\u001b[49m\u001b[38;5;241;43m-\u001b[39;49m\u001b[43mrg\u001b[49m\u001b[43m)\u001b[49m \u001b[38;5;241m@\u001b[39m u\n\u001b[1;32m     17\u001b[0m     \u001b[38;5;28;01mreturn\u001b[39;00m closest_unitary(res)\n",
      "\u001b[0;31mKeyboardInterrupt\u001b[0m: "
     ]
    }
   ],
   "source": [
    "umpsm_op = unitary_optimizer.Adam(umpsm, lr=0.01)\n",
    "\n",
    "for epoch in range(100):\n",
    "    acc = 0\n",
    "    for data, target in trainloader:    \n",
    "        data = data.permute(1, 0, 2)\n",
    "        umpsm_op.zero_grad()\n",
    "        outputs = umpsm(data)\n",
    "        loss = loss_batch(outputs, target)\n",
    "        loss.backward()\n",
    "        umpsm_op.step()\n",
    "\n",
    "        # Calculate accuracy\n",
    "        accuracy = calculate_accuracy(outputs, target)\n",
    "        # print(f\"Accuracy: {accuracy:.4f}\")\n",
    "        acc += accuracy\n",
    "    acc /= len(trainloader)\n",
    "    print(f\"Accuracy: {acc:.4f}\")\n",
    "    # print(\"grad\", umpsm.params[-1].grad)\n",
    "\n",
    "\n",
    "\n",
    "\n",
    "\n"
   ]
  },
  {
   "cell_type": "code",
   "execution_count": 5,
   "metadata": {},
   "outputs": [],
   "source": [
    "data, target = next(iter(trainloader))"
   ]
  },
  {
   "cell_type": "code",
   "execution_count": 12,
   "metadata": {},
   "outputs": [
    {
     "data": {
      "text/plain": [
       "torch.Size([2, 4, 4])"
      ]
     },
     "execution_count": 12,
     "metadata": {},
     "output_type": "execute_result"
    }
   ],
   "source": [
    "mps.kraus_ops"
   ]
  },
  {
   "cell_type": "code",
   "execution_count": 15,
   "metadata": {},
   "outputs": [
    {
     "data": {
      "text/plain": [
       "tensor([[ 1.0000e+00, -1.5151e-09,  3.6242e-10, -8.2355e-09],\n",
       "        [-1.5151e-09,  1.0000e+00,  3.9718e-09,  5.4807e-09],\n",
       "        [ 3.6242e-10,  3.9718e-09,  1.0000e+00,  7.3616e-09],\n",
       "        [-8.2355e-09,  5.4807e-09,  7.3616e-09,  1.0000e+00]],\n",
       "       grad_fn=<AddBackward0>)"
      ]
     },
     "execution_count": 15,
     "metadata": {},
     "output_type": "execute_result"
    }
   ],
   "source": [
    "I = torch.zeros(4, 4)\n",
    "\n",
    "for kraus_op in mps.kraus_ops[0]:\n",
    "    I += kraus_op.T @ kraus_op\n",
    "\n",
    "I\n"
   ]
  },
  {
   "cell_type": "code",
   "execution_count": 24,
   "metadata": {},
   "outputs": [
    {
     "data": {
      "text/plain": [
       "tensor([[0.4929, 0.1871],\n",
       "        [0.1871, 0.5071]], dtype=torch.float64, grad_fn=<SelectBackward0>)"
      ]
     },
     "execution_count": 24,
     "metadata": {},
     "output_type": "execute_result"
    }
   ],
   "source": [
    "rho[0]"
   ]
  },
  {
   "cell_type": "code",
   "execution_count": 84,
   "metadata": {},
   "outputs": [],
   "source": [
    "import tpcp_mps\n",
    "from importlib import reload\n",
    "reload(tpcp_mps)\n",
    "\n",
    "mps = tpcp_mps.MPSTPCP(N=16 * 16, K=1, d=2)\n",
    "\n",
    "outputs = mps.forward(data[:, :, :].to(torch.float64))"
   ]
  },
  {
   "cell_type": "code",
   "execution_count": 85,
   "metadata": {},
   "outputs": [
    {
     "data": {
      "text/plain": [
       "tensor([0.3217, 0.5300, 0.6689, 0.4137, 0.4518, 0.4848, 0.4619, 0.6848, 0.8434,\n",
       "        0.4206, 0.6056, 0.4578, 0.6694, 0.7811, 0.2808, 0.4834, 0.4791, 0.4612,\n",
       "        0.0448, 0.7090, 0.4482, 0.6645, 0.3723, 0.4935, 0.3612, 0.5337, 0.6680,\n",
       "        0.3314, 0.4152, 0.8303, 0.4398, 0.4487, 0.7049, 0.9043, 0.7533, 0.2612,\n",
       "        0.8024, 0.4165, 0.2396, 0.3580, 0.3231, 0.2031, 0.5297, 0.4053, 0.1495,\n",
       "        0.6114, 0.3828, 0.1742, 0.3090, 0.6286, 0.4317, 0.6117, 0.6485, 0.6831,\n",
       "        0.4552, 0.5844, 0.5443, 0.6155, 0.3997, 0.4054, 0.1457, 0.1112, 0.3017,\n",
       "        0.4169, 0.4252, 0.3610, 0.7113, 0.3329, 0.3020, 0.2280, 0.4437, 0.6049,\n",
       "        0.2926, 0.2494, 0.5580, 0.5982, 0.6938, 0.4332, 0.3964, 0.6479, 0.6917,\n",
       "        0.5261, 0.6665, 0.5378, 0.5206, 0.6813, 0.5700, 0.5287, 0.3308, 0.7020,\n",
       "        0.4728, 0.6162, 0.4287, 0.5274, 0.7051, 0.4734, 0.4715, 0.1893, 0.6181,\n",
       "        0.4499], dtype=torch.float64, grad_fn=<SelectBackward0>)"
      ]
     },
     "execution_count": 85,
     "metadata": {},
     "output_type": "execute_result"
    }
   ],
   "source": [
    "rand_gen = torch.randn(100, 16 * 16, 2)\n",
    "rand_gen /= torch.norm(rand_gen, dim=-1).unsqueeze(-1)\n",
    "\n",
    "mps.forward(rand_gen.to(torch.float64))"
   ]
  },
  {
   "cell_type": "code",
   "execution_count": 132,
   "metadata": {},
   "outputs": [
    {
     "data": {
      "text/plain": [
       "torch.Size([2, 1, 4, 4])"
      ]
     },
     "execution_count": 132,
     "metadata": {},
     "output_type": "execute_result"
    }
   ],
   "source": [
    "B.shape"
   ]
  },
  {
   "cell_type": "code",
   "execution_count": 157,
   "metadata": {},
   "outputs": [
    {
     "data": {
      "text/plain": [
       "tensor([[ 1.0000e+00,  5.5511e-17, -5.5511e-17,  0.0000e+00],\n",
       "        [ 5.5511e-17,  1.0000e+00, -2.7756e-17,  2.7756e-17],\n",
       "        [-5.5511e-17, -2.7756e-17,  1.0000e+00,  5.5511e-17],\n",
       "        [ 0.0000e+00,  2.7756e-17,  5.5511e-17,  1.0000e+00]],\n",
       "       dtype=torch.float64)"
      ]
     },
     "execution_count": 157,
     "metadata": {},
     "output_type": "execute_result"
    }
   ],
   "source": [
    "G = mps.kraus_ops[-1].grad[0]\n",
    "G = G / torch.norm(G)\n",
    "K = mps.kraus_ops[-1].detach()[0]\n",
    "\n",
    "\n",
    "A = torch.cat([G, K], dim=1)\n",
    "B = torch.cat([K, -G], dim=1)\n",
    "\n",
    "rg = A @ torch.linalg.inv(torch.eye(8) + 0.5 * 0.05 * B.T @ A) @ B.T @ K\n",
    "Kp = K - rg * 0.05\n",
    "\n",
    "Kp @ Kp.T"
   ]
  },
  {
   "cell_type": "code",
   "execution_count": 165,
   "metadata": {},
   "outputs": [
    {
     "data": {
      "text/plain": [
       "tensor([[[ 0.0000,  0.0000,  0.0000,  1.9005],\n",
       "         [ 0.0000,  0.0000,  0.0000, -0.1128],\n",
       "         [ 0.0000,  0.0000,  0.0000, 21.8310],\n",
       "         [ 0.0000,  0.0000,  0.0000,  2.1302]]], dtype=torch.float64)"
      ]
     },
     "execution_count": 165,
     "metadata": {},
     "output_type": "execute_result"
    }
   ],
   "source": [
    "mps.kraus_ops[0].grad"
   ]
  },
  {
   "cell_type": "code",
   "execution_count": 176,
   "metadata": {},
   "outputs": [
    {
     "data": {
      "text/plain": [
       "Parameter containing:\n",
       "tensor([[[-0.0781, -0.2654,  0.9404, -0.1976],\n",
       "         [ 0.5015, -0.7846, -0.2378, -0.2761],\n",
       "         [-0.4079,  0.1087, -0.1895, -0.8865],\n",
       "         [-0.7589, -0.5496, -0.1522,  0.3143]]], dtype=torch.float64,\n",
       "       requires_grad=True)"
      ]
     },
     "execution_count": 176,
     "metadata": {},
     "output_type": "execute_result"
    }
   ],
   "source": [
    "optimizer.params[0]"
   ]
  },
  {
   "cell_type": "code",
   "execution_count": 191,
   "metadata": {},
   "outputs": [
    {
     "data": {
      "text/plain": [
       "tensor([[ 1.0000e+00, -3.3307e-16, -2.6368e-16,  4.1633e-17],\n",
       "        [-3.3307e-16,  1.0000e+00,  2.2898e-16, -3.6082e-16],\n",
       "        [-2.6368e-16,  2.2898e-16,  1.0000e+00, -2.2204e-16],\n",
       "        [ 4.1633e-17, -3.6082e-16, -2.2204e-16,  1.0000e+00]],\n",
       "       dtype=torch.float64, grad_fn=<MmBackward0>)"
      ]
     },
     "execution_count": 191,
     "metadata": {},
     "output_type": "execute_result"
    }
   ],
   "source": [
    "optimizer.params[0][0] @ optimizer.params[0][0].T"
   ]
  },
  {
   "cell_type": "code",
   "execution_count": 189,
   "metadata": {},
   "outputs": [
    {
     "data": {
      "text/plain": [
       "Parameter containing:\n",
       "tensor([[[-0.0462, -0.5530, -0.5585, -0.6166],\n",
       "         [ 0.3898, -0.3660,  0.7532, -0.3832],\n",
       "         [ 0.6462, -0.4353, -0.2547,  0.5727],\n",
       "         [-0.6544, -0.6089,  0.2366,  0.3808]]], dtype=torch.float64,\n",
       "       requires_grad=True)"
      ]
     },
     "execution_count": 189,
     "metadata": {},
     "output_type": "execute_result"
    }
   ],
   "source": [
    "mps.kraus_ops[0]"
   ]
  },
  {
   "cell_type": "code",
   "execution_count": 201,
   "metadata": {},
   "outputs": [
    {
     "data": {
      "text/plain": [
       "tensor([[ 1.0000e+00, -1.6662e-16, -6.0210e-17, -4.3451e-17],\n",
       "        [-1.6662e-16,  1.0000e+00,  1.8244e-17, -6.5638e-17],\n",
       "        [-6.0210e-17,  1.8244e-17,  1.0000e+00,  1.2042e-16],\n",
       "        [-4.3451e-17, -6.5638e-17,  1.2042e-16,  1.0000e+00]],\n",
       "       dtype=torch.float64, grad_fn=<MmBackward0>)"
      ]
     },
     "execution_count": 201,
     "metadata": {},
     "output_type": "execute_result"
    }
   ],
   "source": [
    "K = mps.kraus_ops[0].reshape(8, 4) \n",
    "\n",
    "K.T @ K\n"
   ]
  },
  {
   "cell_type": "code",
   "execution_count": 221,
   "metadata": {},
   "outputs": [
    {
     "data": {
      "text/plain": [
       "tensor([[ 1.0000e+00, -9.8817e-19,  1.8542e-17,  1.5244e-16],\n",
       "        [-9.8817e-19,  1.0000e+00, -2.7013e-18, -3.7641e-17],\n",
       "        [ 1.8542e-17, -2.7013e-18,  1.0000e+00, -1.6334e-17],\n",
       "        [ 1.5244e-16, -3.7641e-17, -1.6334e-17,  1.0000e+00]],\n",
       "       dtype=torch.float64, grad_fn=<MmBackward0>)"
      ]
     },
     "execution_count": 221,
     "metadata": {},
     "output_type": "execute_result"
    }
   ],
   "source": [
    "mps.kraus_ops[0].T @ mps.kraus_ops[0]"
   ]
  },
  {
   "cell_type": "code",
   "execution_count": 230,
   "metadata": {},
   "outputs": [
    {
     "name": "stdout",
     "output_type": "stream",
     "text": [
      "88.33191124933472\n",
      "0.5390625\n",
      "88.33190862632068\n",
      "0.5390625\n",
      "88.33190369198766\n",
      "0.5390625\n",
      "88.33189689400702\n",
      "0.5390625\n",
      "88.3318887714528\n",
      "0.5390625\n",
      "88.33187990826016\n",
      "0.5390625\n",
      "88.331870888128\n",
      "0.5390625\n",
      "88.3318622538474\n",
      "0.5390625\n",
      "88.33185447344013\n",
      "0.5390625\n",
      "88.3318479147869\n",
      "0.5390625\n",
      "88.33184282967609\n",
      "0.5390625\n",
      "88.33183934745813\n",
      "0.5390625\n",
      "88.33183747780937\n",
      "0.5390625\n",
      "88.33183712152645\n",
      "0.5390625\n",
      "88.33183808782029\n",
      "0.5390625\n",
      "88.33184011627898\n",
      "0.5390625\n",
      "88.33184290152242\n",
      "0.5390625\n",
      "88.33184611857837\n",
      "0.5390625\n",
      "88.33184944715126\n",
      "0.5390625\n",
      "88.33185259321003\n",
      "0.5390625\n",
      "88.33185530665929\n",
      "0.5390625\n",
      "88.33185739425168\n",
      "0.5390625\n",
      "88.33185872730965\n",
      "0.5390625\n",
      "88.33185924422692\n",
      "0.5390625\n",
      "88.3318589480855\n",
      "0.5390625\n",
      "88.3318579000275\n",
      "0.5390625\n",
      "88.33185620925777\n",
      "0.5390625\n",
      "88.3318540206942\n",
      "0.5390625\n",
      "88.33185150135407\n",
      "0.5390625\n",
      "88.33184882654099\n",
      "0.5390625\n",
      "88.33184616680894\n",
      "0.5390625\n",
      "88.33184367653107\n",
      "0.5390625\n",
      "88.33184148470836\n",
      "0.5390625\n",
      "88.3318396884362\n",
      "0.5390625\n",
      "88.33183834922204\n",
      "0.5390625\n",
      "88.33183749213111\n",
      "0.5390625\n",
      "88.33183710754327\n",
      "0.5390625\n",
      "88.33183715514457\n",
      "0.5390625\n",
      "88.33183756965767\n",
      "0.5390625\n",
      "88.33183826774652\n",
      "0.5390625\n",
      "88.33183915550087\n",
      "0.5390625\n",
      "88.33184013592454\n",
      "0.5390625\n",
      "88.33184111591116\n",
      "0.5390625\n",
      "88.33184201227125\n",
      "0.5390625\n",
      "88.331842756487\n",
      "0.5390625\n",
      "88.3318432979895\n",
      "0.5390625\n",
      "88.33184360587457\n",
      "0.5390625\n",
      "88.33184366909131\n",
      "0.5390625\n",
      "88.33184349523891\n",
      "0.5390625\n",
      "88.3318431081909\n",
      "0.5390625\n",
      "88.33184254482423\n",
      "0.5390625\n",
      "88.33184185117\n",
      "0.5390625\n",
      "88.33184107830537\n",
      "0.5390625\n",
      "88.33184027829775\n",
      "0.5390625\n",
      "88.3318395004784\n",
      "0.5390625\n",
      "88.33183878826848\n",
      "0.5390625\n",
      "88.33183817672617\n",
      "0.5390625\n",
      "88.33183769091245\n",
      "0.5390625\n",
      "88.33183734511034\n",
      "0.5390625\n",
      "88.33183714286724\n",
      "0.5390625\n",
      "88.33183707777823\n",
      "0.5390625\n",
      "88.33183713488303\n",
      "0.5390625\n",
      "88.33183729252018\n",
      "0.5390625\n",
      "88.33183752446556\n",
      "0.5390625\n",
      "88.33183780217969\n",
      "0.5390625\n",
      "88.33183809699601\n",
      "0.5390625\n",
      "88.33183838210665\n",
      "0.5390625\n",
      "88.3318386342255\n",
      "0.5390625\n",
      "88.33183883484632\n",
      "0.5390625\n",
      "88.3318389710476\n",
      "0.5390625\n",
      "88.33183903583212\n",
      "0.5390625\n",
      "88.3318390280246\n",
      "0.5390625\n",
      "88.33183895177538\n",
      "0.5390625\n",
      "88.33183881574483\n",
      "0.5390625\n",
      "88.33183863205475\n",
      "0.5390625\n",
      "88.33183841510316\n",
      "0.5390625\n",
      "88.33183818033709\n",
      "0.5390625\n",
      "88.33183794307256\n",
      "0.5390625\n"
     ]
    },
    {
     "ename": "KeyboardInterrupt",
     "evalue": "",
     "output_type": "error",
     "traceback": [
      "\u001b[0;31m---------------------------------------------------------------------------\u001b[0m",
      "\u001b[0;31mKeyboardInterrupt\u001b[0m                         Traceback (most recent call last)",
      "Cell \u001b[0;32mIn[230], line 12\u001b[0m\n\u001b[1;32m     10\u001b[0m outputs \u001b[38;5;241m=\u001b[39m mps\u001b[38;5;241m.\u001b[39mforward(data[:, :, :]\u001b[38;5;241m.\u001b[39mto(torch\u001b[38;5;241m.\u001b[39mfloat64))\n\u001b[1;32m     11\u001b[0m loss \u001b[38;5;241m=\u001b[39m loss_batch(outputs, target)\n\u001b[0;32m---> 12\u001b[0m \u001b[43mloss\u001b[49m\u001b[38;5;241;43m.\u001b[39;49m\u001b[43mbackward\u001b[49m\u001b[43m(\u001b[49m\u001b[43m)\u001b[49m\n\u001b[1;32m     13\u001b[0m optimizer\u001b[38;5;241m.\u001b[39mstep()\n\u001b[1;32m     14\u001b[0m \u001b[38;5;28mprint\u001b[39m(loss\u001b[38;5;241m.\u001b[39mitem())\n",
      "File \u001b[0;32m~/miniconda3/envs/py310/lib/python3.10/site-packages/torch/_tensor.py:525\u001b[0m, in \u001b[0;36mTensor.backward\u001b[0;34m(self, gradient, retain_graph, create_graph, inputs)\u001b[0m\n\u001b[1;32m    515\u001b[0m \u001b[38;5;28;01mif\u001b[39;00m has_torch_function_unary(\u001b[38;5;28mself\u001b[39m):\n\u001b[1;32m    516\u001b[0m     \u001b[38;5;28;01mreturn\u001b[39;00m handle_torch_function(\n\u001b[1;32m    517\u001b[0m         Tensor\u001b[38;5;241m.\u001b[39mbackward,\n\u001b[1;32m    518\u001b[0m         (\u001b[38;5;28mself\u001b[39m,),\n\u001b[0;32m   (...)\u001b[0m\n\u001b[1;32m    523\u001b[0m         inputs\u001b[38;5;241m=\u001b[39minputs,\n\u001b[1;32m    524\u001b[0m     )\n\u001b[0;32m--> 525\u001b[0m \u001b[43mtorch\u001b[49m\u001b[38;5;241;43m.\u001b[39;49m\u001b[43mautograd\u001b[49m\u001b[38;5;241;43m.\u001b[39;49m\u001b[43mbackward\u001b[49m\u001b[43m(\u001b[49m\n\u001b[1;32m    526\u001b[0m \u001b[43m    \u001b[49m\u001b[38;5;28;43mself\u001b[39;49m\u001b[43m,\u001b[49m\u001b[43m \u001b[49m\u001b[43mgradient\u001b[49m\u001b[43m,\u001b[49m\u001b[43m \u001b[49m\u001b[43mretain_graph\u001b[49m\u001b[43m,\u001b[49m\u001b[43m \u001b[49m\u001b[43mcreate_graph\u001b[49m\u001b[43m,\u001b[49m\u001b[43m \u001b[49m\u001b[43minputs\u001b[49m\u001b[38;5;241;43m=\u001b[39;49m\u001b[43minputs\u001b[49m\n\u001b[1;32m    527\u001b[0m \u001b[43m\u001b[49m\u001b[43m)\u001b[49m\n",
      "File \u001b[0;32m~/miniconda3/envs/py310/lib/python3.10/site-packages/torch/autograd/__init__.py:267\u001b[0m, in \u001b[0;36mbackward\u001b[0;34m(tensors, grad_tensors, retain_graph, create_graph, grad_variables, inputs)\u001b[0m\n\u001b[1;32m    262\u001b[0m     retain_graph \u001b[38;5;241m=\u001b[39m create_graph\n\u001b[1;32m    264\u001b[0m \u001b[38;5;66;03m# The reason we repeat the same comment below is that\u001b[39;00m\n\u001b[1;32m    265\u001b[0m \u001b[38;5;66;03m# some Python versions print out the first line of a multi-line function\u001b[39;00m\n\u001b[1;32m    266\u001b[0m \u001b[38;5;66;03m# calls in the traceback and some print out the last line\u001b[39;00m\n\u001b[0;32m--> 267\u001b[0m \u001b[43m_engine_run_backward\u001b[49m\u001b[43m(\u001b[49m\n\u001b[1;32m    268\u001b[0m \u001b[43m    \u001b[49m\u001b[43mtensors\u001b[49m\u001b[43m,\u001b[49m\n\u001b[1;32m    269\u001b[0m \u001b[43m    \u001b[49m\u001b[43mgrad_tensors_\u001b[49m\u001b[43m,\u001b[49m\n\u001b[1;32m    270\u001b[0m \u001b[43m    \u001b[49m\u001b[43mretain_graph\u001b[49m\u001b[43m,\u001b[49m\n\u001b[1;32m    271\u001b[0m \u001b[43m    \u001b[49m\u001b[43mcreate_graph\u001b[49m\u001b[43m,\u001b[49m\n\u001b[1;32m    272\u001b[0m \u001b[43m    \u001b[49m\u001b[43minputs\u001b[49m\u001b[43m,\u001b[49m\n\u001b[1;32m    273\u001b[0m \u001b[43m    \u001b[49m\u001b[43mallow_unreachable\u001b[49m\u001b[38;5;241;43m=\u001b[39;49m\u001b[38;5;28;43;01mTrue\u001b[39;49;00m\u001b[43m,\u001b[49m\n\u001b[1;32m    274\u001b[0m \u001b[43m    \u001b[49m\u001b[43maccumulate_grad\u001b[49m\u001b[38;5;241;43m=\u001b[39;49m\u001b[38;5;28;43;01mTrue\u001b[39;49;00m\u001b[43m,\u001b[49m\n\u001b[1;32m    275\u001b[0m \u001b[43m\u001b[49m\u001b[43m)\u001b[49m\n",
      "File \u001b[0;32m~/miniconda3/envs/py310/lib/python3.10/site-packages/torch/autograd/graph.py:744\u001b[0m, in \u001b[0;36m_engine_run_backward\u001b[0;34m(t_outputs, *args, **kwargs)\u001b[0m\n\u001b[1;32m    742\u001b[0m     unregister_hooks \u001b[38;5;241m=\u001b[39m _register_logging_hooks_on_whole_graph(t_outputs)\n\u001b[1;32m    743\u001b[0m \u001b[38;5;28;01mtry\u001b[39;00m:\n\u001b[0;32m--> 744\u001b[0m     \u001b[38;5;28;01mreturn\u001b[39;00m \u001b[43mVariable\u001b[49m\u001b[38;5;241;43m.\u001b[39;49m\u001b[43m_execution_engine\u001b[49m\u001b[38;5;241;43m.\u001b[39;49m\u001b[43mrun_backward\u001b[49m\u001b[43m(\u001b[49m\u001b[43m  \u001b[49m\u001b[38;5;66;43;03m# Calls into the C++ engine to run the backward pass\u001b[39;49;00m\n\u001b[1;32m    745\u001b[0m \u001b[43m        \u001b[49m\u001b[43mt_outputs\u001b[49m\u001b[43m,\u001b[49m\u001b[43m \u001b[49m\u001b[38;5;241;43m*\u001b[39;49m\u001b[43margs\u001b[49m\u001b[43m,\u001b[49m\u001b[43m \u001b[49m\u001b[38;5;241;43m*\u001b[39;49m\u001b[38;5;241;43m*\u001b[39;49m\u001b[43mkwargs\u001b[49m\n\u001b[1;32m    746\u001b[0m \u001b[43m    \u001b[49m\u001b[43m)\u001b[49m  \u001b[38;5;66;03m# Calls into the C++ engine to run the backward pass\u001b[39;00m\n\u001b[1;32m    747\u001b[0m \u001b[38;5;28;01mfinally\u001b[39;00m:\n\u001b[1;32m    748\u001b[0m     \u001b[38;5;28;01mif\u001b[39;00m attach_logging_hooks:\n",
      "\u001b[0;31mKeyboardInterrupt\u001b[0m: "
     ]
    }
   ],
   "source": [
    "import kraus_optimizer\n",
    "reload(kraus_optimizer)\n",
    "reload(tpcp_mps)\n",
    "# mps = tpcp_mps.MPSTPCP(N=16 * 16, K=2, d=2)\n",
    "# optimizer = kraus_optimizer.Adam(mps.kraus_ops, lr=0.0001)\n",
    "optimizer = kraus_optimizer.CayleySGDMomentum(mps.kraus_ops, lr=0.0001, beta=0.95, q=0.5, s=4)\n",
    "\n",
    "for _ in range(1000):\n",
    "    optimizer.zero_grad()\n",
    "    outputs = mps.forward(data[:, :, :].to(torch.float64))\n",
    "    loss = loss_batch(outputs, target)\n",
    "    loss.backward()\n",
    "    optimizer.step()\n",
    "    print(loss.item())\n",
    "    print(calculate_accuracy(outputs, target))\n",
    "\n",
    "# for epoch in range(100):\n",
    "#     acc_tot = 0\n",
    "#     loss_tot = 0\n",
    "#     for data, target in trainloader:\n",
    "#         optimizer.zero_grad()\n",
    "#         outputs = mps.forward(data[:, :, :].to(torch.float64))\n",
    "#         loss = loss_batch(outputs, target)\n",
    "#         loss.backward()\n",
    "#         optimizer.step()\n",
    "\n",
    "#         acc = calculate_accuracy(outputs, target)\n",
    "#         acc_tot += acc\n",
    "#         loss_tot += loss.item()\n",
    "#     acc_tot /= len(trainloader)\n",
    "#     loss_tot /= len(trainloader)\n",
    "#     print(f\"Accuracy: {acc_tot:.4f}\")\n",
    "#     print(f\"Loss: {loss_tot:.4f}\")\n"
   ]
  },
  {
   "cell_type": "code",
   "execution_count": 236,
   "metadata": {},
   "outputs": [
    {
     "data": {
      "text/plain": [
       "tensor([[     0.0000, -20810.3705,      0.0000,  19047.8718],\n",
       "        [     0.0000,      0.0000,      0.0000,      0.0000],\n",
       "        [     0.0000, -25382.7747,      0.0000,   7647.4490],\n",
       "        [     0.0000,      0.0000,      0.0000,      0.0000]],\n",
       "       dtype=torch.float64)"
      ]
     },
     "execution_count": 236,
     "metadata": {},
     "output_type": "execute_result"
    }
   ],
   "source": [
    "mps.kraus_ops[-1].gra"
   ]
  },
  {
   "cell_type": "code",
   "execution_count": 271,
   "metadata": {},
   "outputs": [
    {
     "data": {
      "text/plain": [
       "tensor([[ 1.0000e+00,  7.2720e-15, -1.4322e-14,  2.0721e-15],\n",
       "        [ 7.2720e-15,  1.0000e+00,  2.4009e-15, -2.2520e-14],\n",
       "        [-1.4322e-14,  2.4009e-15,  1.0000e+00, -5.4816e-15],\n",
       "        [ 2.0721e-15, -2.2520e-14, -5.4816e-15,  1.0000e+00]],\n",
       "       dtype=torch.float64, grad_fn=<MmBackward0>)"
      ]
     },
     "execution_count": 271,
     "metadata": {},
     "output_type": "execute_result"
    }
   ],
   "source": [
    "u = mps_tpcp.kraus_ops[-10]\n",
    "u @ u.T"
   ]
  },
  {
   "cell_type": "code",
   "execution_count": 279,
   "metadata": {},
   "outputs": [
    {
     "data": {
      "text/plain": [
       "Parameter containing:\n",
       "tensor([[[[ 0.5022, -0.2951],\n",
       "          [ 0.5226,  0.6225]],\n",
       "\n",
       "         [[-0.5633, -0.2183],\n",
       "          [-0.4017,  0.6883]]],\n",
       "\n",
       "\n",
       "        [[[ 0.4872, -0.5938],\n",
       "          [-0.6219, -0.1525]],\n",
       "\n",
       "         [[ 0.4394,  0.7160],\n",
       "          [-0.4228,  0.3399]]]], dtype=torch.float64, requires_grad=True)"
      ]
     },
     "execution_count": 279,
     "metadata": {},
     "output_type": "execute_result"
    }
   ],
   "source": [
    "umpsm.params[0]"
   ]
  },
  {
   "cell_type": "code",
   "execution_count": 286,
   "metadata": {},
   "outputs": [
    {
     "data": {
      "text/plain": [
       "tensor([0.2863, 0.5068, 0.4480, 0.3460, 0.5092, 0.4719, 0.6662, 0.3924, 0.6893,\n",
       "        0.5020], dtype=torch.float64, grad_fn=<SelectBackward0>)"
      ]
     },
     "execution_count": 286,
     "metadata": {},
     "output_type": "execute_result"
    }
   ],
   "source": []
  },
  {
   "cell_type": "code",
   "execution_count": 324,
   "metadata": {},
   "outputs": [
    {
     "name": "stdout",
     "output_type": "stream",
     "text": [
      "tensor([0.8430, 0.8851, 0.8424, 0.8830, 0.0178, 0.9027, 0.0251, 0.8285, 0.8845,\n",
      "        0.0244, 0.0148, 0.0168, 0.0300, 0.0149, 0.9047, 0.1952, 0.0144, 0.1937,\n",
      "        0.8536, 0.8440, 0.8338, 0.7988, 0.7240, 0.0137, 0.0134, 0.8092, 0.0148,\n",
      "        0.8996, 0.8683, 0.8271, 0.0218, 0.8844, 0.0131, 0.0134, 0.0241, 0.9100,\n",
      "        0.0253, 0.7668, 0.8456, 0.8256, 0.0136, 0.0143, 0.0164, 0.7096, 0.9464,\n",
      "        0.9265, 0.7339, 0.7295, 0.7967, 0.9186, 0.0278, 0.8579, 0.1444, 0.0309,\n",
      "        0.7035, 0.0141, 0.8855, 0.0148, 0.7287, 0.0274, 0.8310, 0.0129, 0.0217,\n",
      "        0.8733, 0.0219, 0.0436, 0.9204, 0.3600, 0.1956, 0.7671, 0.0143, 0.8237,\n",
      "        0.0142, 0.0132, 0.0165, 0.7980, 0.4413, 0.0176, 0.7909, 0.1937, 0.0148,\n",
      "        0.8425, 0.0761, 0.9172, 0.0302, 0.0144, 0.8631, 0.8260, 0.7069, 0.8629,\n",
      "        0.0128, 0.0527, 0.0152, 0.8021, 0.2644, 0.8366, 0.4279, 0.0167, 0.8583,\n",
      "        0.5997, 0.0132, 0.7826, 0.0138, 0.0157, 0.0142, 0.0141, 0.8855, 0.1429,\n",
      "        0.0293, 0.8130, 0.0581, 0.7953, 0.7932, 0.0141, 0.8751, 0.0637, 0.8552,\n",
      "        0.8860, 0.0350, 0.0137, 0.0139, 0.8362, 0.8095, 0.0145, 0.0137, 0.0232,\n",
      "        0.7260, 0.9488], dtype=torch.float64, grad_fn=<ViewBackward0>)\n",
      "tensor([0.8430, 0.8851, 0.8424, 0.8830, 0.0178, 0.9027, 0.0251, 0.8285, 0.8845,\n",
      "        0.0244, 0.0148, 0.0168, 0.0300, 0.0149, 0.9047, 0.1952, 0.0144, 0.1937,\n",
      "        0.8536, 0.8440, 0.8338, 0.7988, 0.7240, 0.0137, 0.0134, 0.8092, 0.0148,\n",
      "        0.8996, 0.8683, 0.8271, 0.0218, 0.8844, 0.0131, 0.0134, 0.0241, 0.9100,\n",
      "        0.0253, 0.7668, 0.8456, 0.8256, 0.0136, 0.0143, 0.0164, 0.7096, 0.9464,\n",
      "        0.9265, 0.7339, 0.7295, 0.7967, 0.9186, 0.0278, 0.8579, 0.1444, 0.0309,\n",
      "        0.7035, 0.0141, 0.8855, 0.0148, 0.7287, 0.0274, 0.8310, 0.0129, 0.0217,\n",
      "        0.8733, 0.0219, 0.0436, 0.9204, 0.3600, 0.1956, 0.7671, 0.0143, 0.8237,\n",
      "        0.0142, 0.0132, 0.0165, 0.7980, 0.4413, 0.0176, 0.7909, 0.1937, 0.0148,\n",
      "        0.8425, 0.0761, 0.9172, 0.0302, 0.0144, 0.8631, 0.8260, 0.7069, 0.8629,\n",
      "        0.0128, 0.0527, 0.0152, 0.8021, 0.2644, 0.8366, 0.4279, 0.0167, 0.8583,\n",
      "        0.5997, 0.0132, 0.7826, 0.0138, 0.0157, 0.0142, 0.0141, 0.8855, 0.1429,\n",
      "        0.0293, 0.8130, 0.0581, 0.7953, 0.7932, 0.0141, 0.8751, 0.0637, 0.8552,\n",
      "        0.8860, 0.0350, 0.0137, 0.0139, 0.8362, 0.8095, 0.0145, 0.0137, 0.0232,\n",
      "        0.7260, 0.9488], dtype=torch.float64, grad_fn=<SelectBackward0>)\n"
     ]
    }
   ],
   "source": [
    "reload(tpcp_mps)\n",
    "N = 16 * 16\n",
    "mps_tpcp = tpcp_mps.MPSTPCP(N=N, K=1, d=2)\n",
    "# mps_unitary = umps.uMPS(N=N, chi=2, d=2, l=2, layers=1, device=\"cpu\")\n",
    "mps_unitary = umpsm\n",
    "for i in range(len(mps_unitary.params)):\n",
    "    mps_tpcp.kraus_ops[i].data[:] = mps_unitary.params[i].reshape(4,4).T\n",
    "# random_gen = torch.randn(10, N, 2)\n",
    "random_gen = data.to(torch.float64)\n",
    "# random_gen /= torch.norm(random_gen, dim=-1).unsqueeze(-1)\n",
    "\n",
    "print(mps_unitary.forward(random_gen.to(torch.float64).permute(1, 0, 2)))\n",
    "print(mps_tpcp.forward(random_gen.to(torch.float64)))\n"
   ]
  },
  {
   "cell_type": "code",
   "execution_count": 382,
   "metadata": {},
   "outputs": [
    {
     "name": "stdout",
     "output_type": "stream",
     "text": [
      "Accuracy: 0.8600 / Loss: 45.5356\n",
      "Accuracy: 0.8600 / Loss: 45.5349\n",
      "Accuracy: 0.8600 / Loss: 45.5342\n",
      "Accuracy: 0.8600 / Loss: 45.5335\n",
      "Accuracy: 0.8600 / Loss: 45.5328\n",
      "Accuracy: 0.8600 / Loss: 45.5321\n",
      "Accuracy: 0.8600 / Loss: 45.5314\n",
      "Accuracy: 0.8600 / Loss: 45.5307\n",
      "Accuracy: 0.8600 / Loss: 45.5300\n",
      "Accuracy: 0.8600 / Loss: 45.5293\n",
      "Accuracy: 0.8600 / Loss: 45.5287\n",
      "Accuracy: 0.8600 / Loss: 45.5280\n",
      "Accuracy: 0.8600 / Loss: 45.5273\n",
      "Accuracy: 0.8600 / Loss: 45.5266\n",
      "Accuracy: 0.8600 / Loss: 45.5259\n",
      "Accuracy: 0.8600 / Loss: 45.5252\n",
      "Accuracy: 0.8600 / Loss: 45.5246\n",
      "Accuracy: 0.8600 / Loss: 45.5239\n",
      "Accuracy: 0.8600 / Loss: 45.5232\n",
      "Accuracy: 0.8600 / Loss: 45.5225\n",
      "Accuracy: 0.8600 / Loss: 45.5218\n",
      "Accuracy: 0.8600 / Loss: 45.5211\n",
      "Accuracy: 0.8600 / Loss: 45.5205\n",
      "Accuracy: 0.8600 / Loss: 45.5198\n",
      "Accuracy: 0.8600 / Loss: 45.5191\n",
      "Accuracy: 0.8600 / Loss: 45.5184\n",
      "Accuracy: 0.8600 / Loss: 45.5177\n",
      "Accuracy: 0.8600 / Loss: 45.5171\n",
      "Accuracy: 0.8600 / Loss: 45.5164\n",
      "Accuracy: 0.8600 / Loss: 45.5157\n",
      "Accuracy: 0.8600 / Loss: 45.5150\n",
      "Accuracy: 0.8600 / Loss: 45.5143\n",
      "Accuracy: 0.8600 / Loss: 45.5137\n",
      "Accuracy: 0.8600 / Loss: 45.5130\n",
      "Accuracy: 0.8600 / Loss: 45.5123\n",
      "Accuracy: 0.8600 / Loss: 45.5116\n",
      "Accuracy: 0.8600 / Loss: 45.5109\n",
      "Accuracy: 0.8600 / Loss: 45.5102\n",
      "Accuracy: 0.8600 / Loss: 45.5095\n",
      "Accuracy: 0.8600 / Loss: 45.5089\n",
      "Accuracy: 0.8600 / Loss: 45.5082\n",
      "Accuracy: 0.8600 / Loss: 45.5075\n",
      "Accuracy: 0.8600 / Loss: 45.5068\n",
      "Accuracy: 0.8600 / Loss: 45.5061\n",
      "Accuracy: 0.8600 / Loss: 45.5054\n",
      "Accuracy: 0.8600 / Loss: 45.5047\n",
      "Accuracy: 0.8600 / Loss: 45.5040\n",
      "Accuracy: 0.8600 / Loss: 45.5033\n",
      "Accuracy: 0.8600 / Loss: 45.5026\n",
      "Accuracy: 0.8600 / Loss: 45.5019\n",
      "Accuracy: 0.8600 / Loss: 45.5012\n",
      "Accuracy: 0.8600 / Loss: 45.5005\n",
      "Accuracy: 0.8600 / Loss: 45.4998\n",
      "Accuracy: 0.8600 / Loss: 45.4991\n",
      "Accuracy: 0.8600 / Loss: 45.4984\n",
      "Accuracy: 0.8600 / Loss: 45.4976\n",
      "Accuracy: 0.8600 / Loss: 45.4969\n",
      "Accuracy: 0.8600 / Loss: 45.4962\n",
      "Accuracy: 0.8600 / Loss: 45.4955\n",
      "Accuracy: 0.8600 / Loss: 45.4948\n",
      "Accuracy: 0.8600 / Loss: 45.4940\n",
      "Accuracy: 0.8600 / Loss: 45.4933\n",
      "Accuracy: 0.8600 / Loss: 45.4926\n",
      "Accuracy: 0.8600 / Loss: 45.4919\n",
      "Accuracy: 0.8600 / Loss: 45.4911\n",
      "Accuracy: 0.8600 / Loss: 45.4904\n",
      "Accuracy: 0.8600 / Loss: 45.4897\n",
      "Accuracy: 0.8600 / Loss: 45.4889\n",
      "Accuracy: 0.8600 / Loss: 45.4882\n",
      "Accuracy: 0.8600 / Loss: 45.4874\n",
      "Accuracy: 0.8600 / Loss: 45.4867\n",
      "Accuracy: 0.8600 / Loss: 45.4859\n",
      "Accuracy: 0.8600 / Loss: 45.4852\n",
      "Accuracy: 0.8600 / Loss: 45.4844\n",
      "Accuracy: 0.8600 / Loss: 45.4837\n",
      "Accuracy: 0.8600 / Loss: 45.4829\n",
      "Accuracy: 0.8600 / Loss: 45.4821\n",
      "Accuracy: 0.8600 / Loss: 45.4814\n",
      "Accuracy: 0.8600 / Loss: 45.4806\n",
      "Accuracy: 0.8600 / Loss: 45.4798\n",
      "Accuracy: 0.8600 / Loss: 45.4791\n",
      "Accuracy: 0.8600 / Loss: 45.4783\n",
      "Accuracy: 0.8600 / Loss: 45.4775\n",
      "Accuracy: 0.8600 / Loss: 45.4767\n",
      "Accuracy: 0.8600 / Loss: 45.4759\n",
      "Accuracy: 0.8600 / Loss: 45.4752\n",
      "Accuracy: 0.8600 / Loss: 45.4744\n",
      "Accuracy: 0.8600 / Loss: 45.4736\n",
      "Accuracy: 0.8600 / Loss: 45.4728\n",
      "Accuracy: 0.8600 / Loss: 45.4720\n",
      "Accuracy: 0.8600 / Loss: 45.4712\n",
      "Accuracy: 0.8600 / Loss: 45.4704\n",
      "Accuracy: 0.8600 / Loss: 45.4696\n",
      "Accuracy: 0.8600 / Loss: 45.4687\n",
      "Accuracy: 0.8600 / Loss: 45.4679\n",
      "Accuracy: 0.8600 / Loss: 45.4671\n",
      "Accuracy: 0.8600 / Loss: 45.4663\n",
      "Accuracy: 0.8600 / Loss: 45.4655\n",
      "Accuracy: 0.8600 / Loss: 45.4646\n",
      "Accuracy: 0.8600 / Loss: 45.4638\n",
      "Accuracy: 0.8600 / Loss: 45.4630\n",
      "Accuracy: 0.8600 / Loss: 45.4622\n",
      "Accuracy: 0.8600 / Loss: 45.4613\n",
      "Accuracy: 0.8600 / Loss: 45.4605\n",
      "Accuracy: 0.8600 / Loss: 45.4596\n",
      "Accuracy: 0.8600 / Loss: 45.4588\n",
      "Accuracy: 0.8600 / Loss: 45.4579\n",
      "Accuracy: 0.8600 / Loss: 45.4571\n",
      "Accuracy: 0.8600 / Loss: 45.4562\n",
      "Accuracy: 0.8600 / Loss: 45.4554\n",
      "Accuracy: 0.8600 / Loss: 45.4545\n",
      "Accuracy: 0.8600 / Loss: 45.4536\n",
      "Accuracy: 0.8600 / Loss: 45.4528\n",
      "Accuracy: 0.8600 / Loss: 45.4519\n",
